<?xml version="1.0"?>
<opencv_storage>
<camera_matrix type_id="opencv-matrix">
  <rows>3</rows>
  <cols>3</cols>
  <dt>d</dt>
  <data>
    2.5331745051444082e+03 0. 1.6869613900893896e+03 0.
    2.5362193737116927e+03 1.2717342221602903e+03 0. 0. 1.</data></camera_matrix>
<dist_coeffs type_id="opencv-matrix">
  <rows>1</rows>
  <cols>5</cols>
  <dt>d</dt>
  <data>
    1.5861876742158290e-01 -3.9326343911939515e-01
    5.5680905917162378e-04 2.5344105389720048e-04 1.8368082876399477e-01</data></dist_coeffs>
<image_size>
  3280 2464</image_size>
</opencv_storage>
